0100000100010101
0100000100000100
0100000001011100
1100000010101000
1100000001000101
1100000011100001
1100000100011011
1100000100001011
0100000000000010
1100000010010011
1011111011000010
0100000100001011
1100000100011010
1100000011100100
1100000100001111
0011111110010011
0100000010101101
1100000001111001
0100000011000100
0100000100010010
1100000100010011
1100000001001011
0100000010110101
0100000011110100
0100000011001001
1100000011001001
0011111100011001
0100000011001011
1100000001000110
1100000011011011
1100000011011101
0100000010111100
1100000000000110
1100000100010100
0100000100001011
0100000100001110
1100000100001001
1100000000000100
0011110000101010
0100000011100110
1100000011010000
0100000011001000
0100000010101111
1100000011101100
0100000011011011
1100000100011111
0100000010100101
1011111110101100
0100000011001111
0100000100010011
1011111111001000
0100000011011001
1011111111100110
1100000011110111
0100000010001010
0100000011110010
1100000011010110
1100000000000110
1011111011010001
1100000010001100
1100000010111100
1011111101011010
0100000011000001
1100000011111110
1100000100001011
0011111111100001
0100000100011111
1100000001011001
1100000011000011
0011111100101110
1100000001010100
0100000010100110
0100000011001111
1100000100010111
0100000100011000
0011111010100000
1100000100001010
0100000001111110
0011110110110011
0100000001101010
1100000011011000
0100000100010000
0100000000011001
1100000010100100
0011110111001101
1100000001011110
0011111100110100
1100000000100100
0100000001100001
1100000100001001
1100000001000101
1100000000011010
1011111110000101
0100000100001001
0100000001000001
0100000011101001
1100000011010001
1100000011000010
0100000010010100
0100000100000011
0100000100000100
1100000000100100
1100000010101010
0100000100011011
0100000011101010
0011111100111110
0100000100001001
1011111101011101
0100000100010101
1100000011000101
1100000011010000
0100000011011110
0011111111011111
0100000010001111
1100000011111110
0100000011010110
1011111001110100
0100000010101101
1100000001010011
1100000000111010
1011111100001011
1100000001100111
0011111101001001
1100000011000010
1100000000011100
1100000100010111
1100000100000000
1011111111000011
0100000100001001
1100000011010110
0011111111110111
0100000010000010
1100000011011100
1011111101110001
1100000001010001
1100000000001011
1100000010100001
0100000100000001
0100000100010011
0011111101100001
0011111101111111
0100000010001011
0100000000111011
0100000010110011
0100000011010101
0011111010111100
1100000001111100
0011110010101111
1100000011001111
1011111001101100
1100000010010101
0100000011100110
1100000011010101
1100000010100000
0100000011001010
1100000011100011
0011111110011011
0100000010010000
0011111010111101
1100000010110001
1100000000101111
1100000100011100
0100000100001110
0100000010100101
0011111110100011
1100000100011010
0100000100010110
1100000000000110
1100000011111001
0100000000001100
0100000010111000
1100000100001100
0100000001100000
0100000011000000
1100000100010010
0100000010100011
0100000000011101
1100000010100100
1011111111010011
1100000100011101
0100000100010010
0100000010000000
0100000000001000
1011111110100111
1100000100000010
0100000010010110
0011111100001101
1011111111101011
1100000011111100
0011111111100000
0011111010110101
0011111010000100
0100000000110101
0100000000010010
1100000100001000
0100000000001110
0100000000001101
0100000010000001
1100000010010101
0100000011001101
1100000100010110
0011111101011010
0100000010101101
1100000100011011
0011111110010011
0100000011001010
1011111101100011
1100000001010100
1100000100010110
0100000010011101
1100000011011011
1011111000000000
0100000010100001
1011111111001100
0100000000011111
1100000011010010
1100000011100111
0011111111000010
1100000011100101
0100000001010001
1100000001110001
0100000000101010
1100000010011001
1100000001000011
1100000100011101
1100000011000111
0100000001000011
1100000001101011
1011111111011000
0011111011000011
1100000001010100
1100000001101100
1011111110111011
0100000001100000
0100000000001010
0011111000101101
1100000000011101
0100000011010110
1100000000011111
0100000000001100
1011111110010100
0100000000100001
0011111110011010
0100000010100110
1011111101100011
0100000011011101
1100000010111000
0011111111001011
0100000011101101
0011111111001011
0100000100001110
0100000100010011
0100000100010111
1100000011100010
0100000011101010
0100000010110011
1100000010011100
0100000100011010
1100000010101101
1100000001111111
0100000100011011
1100000010011100
1100000011001010
1100000001001001
1011111101101000
0100000001001111
1100000011111100
1100000010010100
1011111111101111
0100000000111101
1100000100001100
0100000010001011
1100000100100000
0100000001011110
1100000011110011
0100000100001111
0100000010111001
1100000010000110
1011111011111110
1011111111010101
1100000010111000
1100000100011100
0100000000110100
0100000010010101
1100000100001111
0100000100010000
0100000100000000
1100000010011000
0100000100000011
0100000000111101
0100000100001000
1100000011110110
1011111111111000
0100000010100010
0100000011001110
1011111111010001
1011111110001110
0011111001100101
0100000100010000
0100000100010100
0100000011100111
1011111100100100
0100000100010011
0100000011100011
1011111101100100
1100000100000011
1011111011011101
1100000011111111
1100000010111010
0100000010101101
0100000011000011
0100000011010110
0100000010101001
1100000010001101
1100000100010011
1100000100010111
1100000011001101
0011111111111011
1011111000010110
1100000100000111
1011111101000111
1100000000001011
1100000100001001
0011111011110010
1100000011011111
0011111100011110
1011111110001010
1100000000000001
0100000011000111
0011111111001010
0100000011111111
1100000011000111
0100000001110101
0011111011100111
1100000010000011
1100000010101000
1011111110100101
1100000011100111
1100000011010001
1100000000110010
1100000010001010
1100000100000110
1100000010110000
1100000010011100
0100000100010101
1011111110100101
1100000100001010
1100000100001111
1100000100001010
1100000011001001
0100000010100001
1100000000101011
1100000100000001
1011111011101011
1100000011100111
0100000011000001
0011110001010011
1100000011101110
0100000011100100
0100000011010001
1100000010110111
1100000001001111
1100000100001011
0100000011111101
1100000100010110
1100000100010100
0100000000111001
0011111111001010
0011111111100110
1100000001110000
0100000010010000
1100000000110110
0100000100011111
1011111110000110
1100000010100001
1100000010110111
0100000001001111
0100000011001101
1100000100000000
1100000001111011
1100000011110111
0100000000011001
0100000100001011
1100000100001111
0100000100001111
0100000010010000
1100000010101111
0100000010111001
0011111111100110
1100000001000111
0011111101010110
1100000000100111
1100000001101000
1100000100011011
0011111111000001
0100000001000010
0100000010001111
0100000100001101
0100000001111111
0100000100001100
0011111111101100
0100000100000101
0100000011001101
1100000100001100
0100000100011000
0100000010000000
0100000000000100
1100000011111001
1100000010001001
0100000001111111
0100000011100110
0100000100010000
0100000011101001
1100000100010000
1100000000011000
0100000000101011
1100000010000010
0011111111011111
0100000000110110
1100000100010011
1100000100010101
1011111110011000
1100000010011100
0100000011110010
0011111101001010
0100000011100011
0100000001010001
0011111101110010
1100000100010000
0011111110111001
1100000100010001
1011111111101011
1100000001000110
1011111100111100
0100000010000101
1011111101000000
1011111100111001
0100000100010011
0100000010011010
1100000010001111
0011111111010111
1100000100001101
0100000011001001
0100000010110011
0100000010001010
0100000010110001
0100000011010011
0011110111000111
1011111111001010
1100000100000111
0100000010110000
1100000001000110
1100000010111110
1100000010011011
0011111000101000
1011110101111010
1100000011010111
0011111011000100
1100000010010111
1100000100010000
0011111100100111
0100000100011011
1100000011000001
0100000011010101
1011110101100001
0100000010101000
1100000011110100
0011111100001111
1100000011000011
0100000000110110
1011111110100000
0011111111001101
0100000011011111
0100000010110011
0011111111000010
1100000001111010
1100000010000101
1100000011001100
0100000011001110
1100000001001000
0100000011000110
0011111110100110
0100000011101010
0011111111001001
1100000010110111
1100000011101011
1100000100100000
1100000010111011
0100000000110100
0100000000110001
0100000010101100
0100000000101001
1100000010011000
1011111101001011
0100000001000100
0100000011101011
0011110101000011
1100000100010010
1100000100011100
1100000000100100
1100000001110000
1100000100000010
0100000100011011
1100000100011010
1100000011101110
0100000011100001
1011111100111101
0100000000111011
0100000000110110
1011111100000110
1100000000000010
0100000100001001
1011111111100101
1011111111010010
1100000001001100
1100000001010000
0011111110110111
0100000011100111
0100000011001010
1100000010100010
1100000001101001
0100000011100110
1100000011111101
0100000100010011
0100000011000010
0100000001110001
1100000000100010
1100000100010000
0011111011010110
1100000011111100
0011111011101100
1011111110001010
1100000100011101
0100000100011000
0100000100010101
1100000100001111
0100000100011001
1011111111001110
0100000010011110
1100000001110011
0011111100001111
0100000010110000
1100000001011011
1100000011011111
0011111110100101
0100000000110011
0011111110010001
0100000010110000
0100000100010001
0100000010101110
0100000011101011
0100000000110011
0100000011101011
1011111101110110
0100000011010001
0100000100000001
1100000010111101
0100000010101001
0011111111110100
0100000010000110
1011111101011011
1100000100011101
0100000010010000
0100000100001100
1100000100000100
0100000011000111
0100000000101111
1011111110100010
1100000010100011
0100000011011010
0011111111011111
1100000000011101
0100000010000001
0100000000111000
0100000100010000
1100000011111010
1100000000110001
1100000100001000
0011110100010100
1100000100010001
0011111111011110
0100000010110101
0100000010101110
0100000100000010
0011111111100100
0011111111101111
0100000100000100
1100000010010010
0100000001111011
1100000010110110
1011111111011011
1100000011101010
1100000010100000
0100000010011100
1100000010111001
0100000010010010
0011111110111110
1100000010010111
1100000010000001
1100000100011101
1100000100000110
0100000100001101
0100000100001110
1100000001011000
1100000011000001
0100000011111100
0100000001001100
0100000011101001
0100000010111111
0100000001100000
1100000000100111
0100000010000011
1011111110111101
1011111100000010
0100000100000010
0011111010011011
1100000010001001
0011111101100100
1100000010110001
0100000011111011
0100000100010100
0100000011011010
1011111101011101
0011111111000100
0011111111000100
1100000011011111
0100000010110010
0100000010011100
0100000100010110
1011111110010010
1011111110011101
1011111100100001
0100000010111010
0100000011111011
0011111100101100
0100000011101000
1100000100001100
1100000100001111
1100000011100001
0100000100001100
1100000100001101
1011111110001100
1011111110000011
1100000011111100
0100000010000010
0100000100001101
1100000011001100
1011110111100010
0100000100000111
1100000010110110
1100000001110000
1100000010011100
0100000010100110
1100000000100001
0011111110001111
0011111111100001
0100000000000001
0011111111010010
0011111111100100
0100000000010011
0011111111110010
0100000011110101
1011111111011101
1100000011110010
0100000011001110
0100000011010111
0011111101000100
0100000000111101
0100000100011001
0011111100110010
1100000011011111
0100000010111100
1100000100001010
0100000001011011
1100000010000001
1100000100010100
0100000011001111
1100000000011100
0100000100010100
1100000001011100
0011111111001100
0011111111101111
1011111110010001
1100000100000001
0011110100100011
1100000011001110
0100000100011110
0100000011010111
0100000010111011
0011111111111000
1100000010001000
0100000100001111
0100000000001011
1100000010101111
1100000011011110
0100000001100111
1100000011111111
1100000000111000
1100000010010100
0011111100000010
0100000011100011
0100000010111101
0100000010111001
1100000011100110
1100000010111010
0011111110111101
0100000000000110
0100000011111100
1011111000101110
1011111100010101
1100000100010110
0100000010100100
1100000010001101
0100000010110101
0100000010101111
1100000010110111
0100000100011101
1011111110000011
1011111110110111
0100000010110100
1100000100011000
0100000000111000
1011111110001101
0100000100000001
1100000010010011
1100000100001001
1100000010010000
1011111100011111
0100000100001000
1100000010000001
1100000011101100
1100000001111010
1100000100001000
0100000100000010
0100000001101000
0100000010100110
1100000010011110
1100000010000100
0100000100000011
0100000000000111
0011111111100100
0100000000011000
0100000011101000
0100000010110011
0100000010001011
0011111100111111
1100000011111110
0011111111001001
1100000100000100
1100000001111111
0100000001100101
1011110111111010
0100000010000001
0100000100001011
1011111010000100
1011111111010001
0100000010101010
1100000001100000
0100000100010001
0100000000110101
0100000010110100
0100000100011111
0100000100001000
1011111110100010
0100000000100110
0011111100000000
1011111101001100
0100000010101010
0100000100001101
1100000010100010
0100000001101100
0100000010101110
0100000000011000
1100000100001000
0100000010111010
1100000010001001
1100000100000101
1100000100010000
1011111111110010
1011111111010110
1011111010110000
1011111111001110
0100000100010100
0100000011011100
0100000100010011
1011111010100111
1100000010000001
0100000010011101
1100000010110101
0100000000101001
1011110110111111
0100000000011000
1100000011111100
0100000010111111
0100000011000010
0100000100010011
1100000001010111
1100000011101111
0100000010001001
0011111011100111
0011111110111000
1100000001110010
1011111100110011
0100000001101001
1100000000010010
0100000010101110
1011111111111010
0100000100011010
0100000100100000
1100000010000100
0011111111101100
0100000100011001
0100000000100111
1100000011001010
0100000000110010
0100000100011110
1100000001001100
1100000100001000
1100000100011111
0100000000001001
1100000100000011
0011111100110100
0100000011001010
1100000100000111
1011111111011111
1011111111101101
0011111111001110
1100000100011111
1100000001111001
0100000011110100
1100000010011011
1100000011010011
1100000010101001
0100000100010100
1011111010111001
0011111111100110
0100000000011000
0100000100010010
0100000010100111
0100000001101011
1100000010010100
0011111110110001
0011111110110010
1011111111111101
1100000000111010
1011111000111100
1100000010110101
1100000000100100
1100000100001001
0100000010111101
0100000000010111
1100000010100101
0011111110100000
1100000100011111
1100000100011001
0100000000110001
1100000000110101
0100000010011101
0100000100010000
1100000011101000
1100000001111001
1100000011110010
0011111110001111
1100000001110011
0100000011010010
0100000000110000
1100000011000000
1011111100010000
0100000001110110
0100000001110110
0100000011010101
0100000011100001
1100000011101101
0011111110000011
0100000011011101
0011110101011000
1100000100000011
1100000100011111
0100000100001110
0100000011111111
0100000100001011
1100000100011101
1100000011110110
1100000011011110
1100000010011100
0011111111011000
0100000011011100
1100000011100110
1100000011011011
0011111100011001
1100000100010110
0100000010111111
0100000010011001
0100000100010011
0100000100000010
0100000100000100
0100000100001000
0100000000101100
0100000010010110
0100000000010011
0011111101001110
1011111011101111
1100000010100000
0100000100001000
1100000100011000
1100000011011111
0100000010001000
1100000000010010
0011111111010101
0100000100001011
0100000100010000
0100000010011100
0100000010110011
0100000100000110
1100000001011001
1100000011101001
0011111010000110
1100000010011010
1100000011100110
1100000001010010
1011110011100110
1011111011100001
0100000100001100
0100000011000000
1011111101101010
0100000000000011
1100000001000111
1011111100110010
1100000011001000
1100000001010010
1100000011011010
1100000001110101
1100000010101110
1100000001100111
0100000100000111
1100000100010110
1011111111001101
0100000100010111
0011111111101011
1100000010100010
1100000100100000
0100000011010110
1100000011001010
1011111110100110
1100000011101111
0100000010100100
0100000010101111
0100000100010011
1011110111101110
1100000010111111
1100000010110000
1100000011111000
1100000011100100
0100000100011001
0011110111110111
0100000001000111
0100000011101110
1100000010111001
1011111111111011
1011111111101101
0100000100010110
1011111111100010
1100000100000100
1100000100100000
0100000100011000
0100000010001010
1100000001000001
0011111100101101
1100000000101110
1100000011110101
1100000000101011
0011111000000010
0100000000111111
1100000000111100
1100000011000010
1100000100010001
1100000011001100
0100000011101110
0100000011101001
1100000010101111
0100000011001101
0100000010010001
1100000010010101
1100000010001101
0100000100000011
0100000010101101
0100000010000101
0100000010111010
0100000100011011
1100000000011001
0100000011101110
0100000011111111
1100000010111100
1011111111010111
1100000100001000
1100000011001101
0100000010110010
0100000010111100
0100000100001110
0100000010111010
