1011111110011000
0100000100001101
1100000100000101
1100000100010110
0100000000011110
1100000011001011
1011111010001000
0011111101010010
1100000100000100
0011111110010000
1100000000111001
1011111101101111
0011111000100110
1011111100001011
0011111111100000
1100000011100100
0100000100010010
1100000100010011
1100000011001111
1100000011011101
1100000000010010
0100000011001011
1011111100010101
1011111110011011
1100000010000011
1011111110100100
0100000011010011
0100000001001000
0100000010000010
0100000100000011
0100000011011010
1011111110001001
1100000100010001
0011111000001010
0100000001111111
1100000100001011
1011111110111101
0100000010000011
0100000011001100
0011111010011010
0011111111011000
0011111100110000
0011111101111011
0100000000011111
1100000100001010
0100000001100000
1100000011100001
0100000010011000
1100000000011000
0011111101000000
0100000001101101
1100000100000010
0100000011100101
1100000000100000
0011111111100000
1011111110011000
1100000001110110
1011111110110110
1011111111111111
1100000000100111
0011111011000001
0100000001010111
0100000010010000
1100000000101011
1100000011100110
0100000100011010
1100000010000001
0100000100001111
0100000011001001
0100000000000011
1100000001100101
0011111111100100
1100000010011011
1100000100010100
0100000001010101
1011111110101000
0100000010100110
0100000100000011
0100000001000100
1100000001011000
1011110000111111
1100000011100110
1100000011100011
1100000011010111
0100000010101111
0100000010000101
0011111111111110
0100000100001010
0100000011110111
1100000010101110
0100000100001101
1011111000010100
1100000100000110
1100000011100001
0100000001110111
1100000000111000
0100000000110010
0100000100011101
0011110100011000
0100000001000010
1011111100100100
1100000000000100
1100000100011101
1100000011110011
0011111100101110
1100000001100100
0100000010001000
0100000100000100
0011111101011111
1100000010010001
0100000100001111
0011111100011010
0100000011010010
0100000011000010
0100000001100000
1100000011101111
0011111101101101
1100000010100111
0100000100010010
0011111101110110
0100000100001010
1011111110010110
0100000100011101
0100000000001010
0100000001111001
0100000100010111
1100000100001110
1100000001001101
0100000010001001
0100000100010111
0100000100000111
0100000100001000
0100000100000111
1011111110001101
1100000010010100
0100000001101110
1100000010001001
1100000011011011
0100000100000111
1011111110110011
0100000010110011
1100000100001001
0100000010001001
0100000100010010
1100000001011101
0100000011000100
0100000010101101
1100000011100101
1100000011101000
0100000011000001
0100000100000101
1011111100001111
0100000010111011
1100000100001011
0100000011010100
1100000000001000
1100000011100010
0100000000010111
1100000001000101
0011111110001001
1011111110011001
1011111111000111
0100000000111110
0100000010101110
1100000001111001
0100000001111110
0011111110111000
1100000010111010
1011111111100000
0100000100000100
0100000010011111
1100000000011010
1100000100010111
0100000010010011
0100000100001111
0100000011110101
0011111111000011
1011111101010010
0100000010011011
1100000010000101
0011111111110011
0100000001000011
0100000100000111
1100000001001110
0100000011111001
0011111110110011
0100000000000010
1011111110010100
0100000100000000
0100000100011000
1100000000000101
0100000000110000
1100000001011001
1100000010011000
0100000100000100
1100000100011101
1100000011111011
1100000011001101
0100000011010100
1100000001110011
0011111110111010
0100000010011001
0100000100001011
1100000100000101
1100000001000110
0100000000001100
1100000010110100
1100000000001111
1100000011101010
1100000100000001
0100000000011000
1100000100000110
0100000001011111
1100000001101101
0011111110111111
1011111110101101
0011110010010000
1100000001111001
1100000011101100
0100000100011110
1100000010000011
0100000100010101
1100000000101000
0100000010111000
1100000100010100
0100000011010000
0100000001100010
0100000100001000
0100000100001011
0100000100010010
1100000011000011
1011111111111000
1100000000001110
1100000010011100
1011111101101010
0100000100001100
1011111101101010
0100000010110011
0100000100001000
1100000010011101
1100000001101110
0100000011000111
1100000011001111
1011111101111101
1011111001000111
1100000100001101
1100000011101011
1100000011000111
1100000000100011
1011111110100100
0011111111000010
1100000100000001
0100000011100101
1100000011101101
0100000011110010
1100000010111100
0100000100000010
1100000010000011
1100000001101111
0100000010011011
0011111100000100
0100000100010010
0100000000001011
0011111010000110
1100000011110001
0100000000101101
1100000001100010
0100000100010111
1100000100010111
0011111110100100
1100000100001100
1011111001011010
0100000011001111
0100000011101001
1100000010001110
1100000010011101
1100000100001100
0100000001011011
0100000000110001
0100000011110110
0100000010010001
0100000100000000
1011111100100000
0100000100100000
0100000000000100
1011111110000111
1100000100010100
1100000010111010
0100000011000011
0100000010010101
0100000100011001
1011111101110101
1100000000000100
0100000010010110
1100000001010000
1011111111101000
0100000100010110
1100000000101111
0011111110111011
0011111110101001
1100000010010100
0100000100010111
0100000011101100
0100000100000011
0011111111001011
0011111111001001
1100000001100011
0011111101001010
1100000100000001
0100000010001011
0100000010000010
0100000100011100
0100000001000001
0011111010001111
1011111100101101
1100000011111001
0011111011001100
0100000011001100
1100000100001010
1100000011000011
1100000011111000
0100000100000111
0100000100010011
1100000001110110
1100000010011011
1100000001100000
0011111100010101
1100000011110100
0100000010000101
1100000000010000
0100000010100001
1100000011101010
1100000100011100
1100000011101101
1100000001101100
0100000010100111
1100000011101010
0100000011000011
1100000010111010
0100000011000100
0100000100011001
1100000000000110
0100000011011001
1100000011101001
0100000011100110
1100000000001000
1100000001110110
1100000100010001
0100000010001011
0100000001111011
0100000010100010
1100000011100110
0100000010101011
1011111110001000
0011111011101100
1100000010111100
1100000010101001
1100000000111001
1100000100010001
0100000100000111
0100000010100101
0100000000101111
1100000010010000
1100000000001110
0100000011010110
1100000011011111
0011111011100110
0100000011011010
1011111110100011
0100000000010000
1100000011001110
1011111110000110
0011111011110100
0100000000001001
1100000011110101
0100000100011110
1100000010010111
0100000100001011
0100000011111010
0100000010011000
1100000010001000
1011101111110011
0100000100001101
0100000010000000
1100000100010011
0100000000101111
0100000011111000
1011110010001000
1100000011110011
1011111110110111
0100000010100000
1100000000000010
1100000011001100
1011111011101101
1100000001001010
0011111101010111
1100000011001011
0100000001110011
0100000100010100
0100000011001111
0011111100011100
1011111000010111
1011111111000001
1011111111100011
0100000011011000
0100000100001110
1100000001011011
1100000011001010
0100000010110001
0100000011000001
1100000100000111
1100000011010100
0100000000110011
0100000100011100
0100000001000011
0100000011011100
1100000000111100
0100000000011010
1011111111000110
1011111101010100
0100000011000110
0100000100010011
0100000001000010
1011111110100010
0100000010101110
1100000010000011
1100000010100101
1100000011011011
0100000010111110
0100000011110100
1100000010101111
0100000001100011
0100000011001110
1100000001000010
0100000010110100
1100000010010101
0011111010011000
0100000100011001
1100000010101001
1100000001110010
0011111001011110
1100000100000011
1100000100010011
1100000001000100
1100000010011100
0100000010111000
1011110100000011
1100000011110011
0100000100011000
0100000001010111
0011111101111101
0100000010100001
1100000010001000
1100000011011011
1100000100001100
1011111110101011
1100000010011111
1100000000111011
0011111100100110
0100000011000000
1100000100000011
0100000010111010
1100000000011010
1011111110000110
1011111111001100
0100000000011110
1100000011100111
1100000000001101
1100000100010101
1100000100000010
1011111111001110
1100000011001110
0011111100000111
0100000000010000
1011111101000001
0100000010110011
0100000010110100
1100000100010011
1100000100010101
1100000011001001
1100000100000000
0100000100010100
1011111110000100
0100000000001000
0100000000001100
0011110000101101
0011111111101110
0100000001000011
0100000011100101
1011111111011101
1100000100001011
1100000011111000
0100000100000001
0100000010001101
0100000001000000
0100000100010001
1100000100011000
1011111100111010
1100000100010010
1100000010111010
1100000011100001
1100000010101110
1100000011010100
0100000100000000
0100000001110101
0100000011000001
1100000001010110
1100000011000010
1100000011011111
0011111011101101
1100000011011111
1100000010001011
0100000001010011
0011111111010101
0100000001100110
1100000011000010
1100000100001010
0100000011101001
1100000100001001
1100000100011011
0100000100001110
0100000011000010
0100000001100111
1100000000101010
1100000001100011
1100000000100011
1011111111111010
0100000100000001
0100000100010110
0100000001111011
0011111010010010
0011110110111110
0100000100011101
1100000011111101
0011111110010100
1011111110001111
1100000010111110
1100000100000110
0100000010111100
0011111110011110
0011111101001110
1100000011101010
1100000011011101
0100000010000101
0100000100011011
1011111100011001
1011111101101000
0100000010111100
0100000011011001
1100000100000101
1011111110101101
1100000010011001
0100000010100101
0011111011001100
1100000001011000
1100000011100100
0100000001110100
1100000000010110
0100000100011101
0100000010110010
1100000010100011
1100000000111110
0100000100001001
0011111101011110
1100000011000011
0100000011100010
0100000001110110
0100000001111000
1100000100000011
1100000000100010
0100000010001111
0100000100001111
0100000001110000
0100000000100001
0100000000110110
1100000011001110
0011111110001110
0011111101110111
0100000001110001
0011111100011100
1100000000101010
1100000100011001
1100000100010010
0100000010110010
1011111100010001
1100000011110111
0100000011101110
0100000000101101
1100000100011001
1100000001110101
1100000011011110
1100000000010110
1011111111011110
0100000011101101
1100000010011011
0100000010100101
0100000010111010
0100000100011011
1100000010011011
0011111011000101
0100000001010101
0100000010110010
0011111111110000
1100000000001000
0100000100000110
0100000000010100
1011111111101110
1100000100010011
0011111111101110
1100000000011100
1100000010011101
1100000100000011
1100000001111011
0100000010011111
1011111111101100
1011111111101011
0100000000111001
0100000010110011
1100000100001001
0100000001100101
1011111110011100
1100000100010001
0100000100000011
0100000100011011
1100000100010001
1100000100000000
0100000011010011
0100000100000101
1100000010001111
1100000000100000
1100000100011110
1100000100010101
1100000011010100
1100000001101100
0100000010111000
0100000010010111
1100000001000011
1100000011011100
0100000010101111
0100000011110100
1100000000001001
1011111100010010
0100000000110000
0100000010010110
0100000100010100
0100000000101010
1100000011100001
1011111110110100
0011111111001000
1100000001110010
0100000001010000
1100000010111000
0100000100010110
0100000010101001
0100000011010011
0100000011001101
1100000100010111
1100000000110111
0100000001100101
0100000010000000
0011111111011101
0100000100001111
0100000100011010
1100000001101011
1011111111100110
1100000100011010
1011111111011011
0100000010001011
1100000100010011
0100000000011011
0100000011100100
1011110100111100
0011111111011000
0100000010001000
1011110101000111
0100000000111010
0100000100010000
0100000010101011
0100000100001100
1100000000110100
0100000011001001
1011111100110101
0100000100000111
1100000100010011
0011111111011111
1011111011100011
1100000011011001
0100000100001100
0100000011101010
0011111010101010
0011111111011010
0011111110010011
0011111101010000
0100000100011111
0011111110111011
1100000000011010
1100000010001100
1100000001101010
0100000100000100
1011111111011110
0100000011111001
0011111111010110
0100000000001110
1100000011000011
1100000001101111
0100000100001101
0100000001001100
0100000100011110
1100000011111011
0100000011011000
0100000011010001
1011111110101110
1100000100000001
0100000011101111
1100000011101100
0011111110111000
1100000001000010
1100000100010000
1100000011010011
1100000010000110
1100000001101111
1100000011010110
0100000001100011
1100000100001000
1100000011011000
0100000010001001
0100000010010100
1100000011101010
0100000100010000
0100000010101001
0011111111011001
1011111110110101
0100000010110010
0100000011011110
0100000011101110
0100000001000100
1100000011011111
0011111111100011
1100000100001100
1100000000010111
1100000011100101
1100000100001011
0100000100011100
1100000000101101
1100000000100110
0100000100011010
0100000010111100
1100000011000111
0100000100010100
0100000010001110
1100000011000011
0100000000100110
0100000010110010
0100000000111011
0100000011001100
0011111100100110
1100000011011011
0011111011001110
0100000011100000
0011111110000010
1011111110111100
1011111111101100
1100000010001110
0100000010110001
1100000100011101
1100000100010010
0100000000101011
0100000010111111
1100000010100000
0100000100010001
1100000001100100
0100000001011111
1011111101010000
1100000010011001
0100000011100110
0100000100011000
0011111110111111
1100000011100100
1100000001010011
1100000011110100
1100000011011100
1100000010011100
1100000011111100
1100000000101101
0100000010100111
1100000011010010
0100000100000000
1100000010110011
0100000011110101
1011111110000011
0100000010011010
0100000011001101
0100000011101001
0100000010001000
0100000100011100
0100000011101010
0011110101100000
0100000001011001
0100000011001111
1100000100011110
1100000100010000
1011111100100111
1100000100001100
0100000001001110
0011111100110010
0100000011111110
1100000000110010
1011111011101000
0100000100100000
0100000100010000
1100000010101111
0100000001111010
0100000000010001
0100000000110001
0100000011101110
1100000100000011
1100000010000111
0100000010110101
1100000010110111
0011111010111000
0011111111010011
0100000001011001
0100000010001101
0011111101111000
0100000010011101
1011111111111011
1011111111110110
1100000010011111
0100000000010010
0100000001100011
0011111100001000
1100000011110110
0100000010101111
0100000100010000
1100000001101110
0100000010100010
0100000011101111
0011111110001011
1011111101011101
0100000001010010
0100000100010001
0100000010110110
1011110101101011
1100000000101101
1100000010010111
0100000010100111
0100000011110011
1100000001100000
1100000100001100
1011111111001100
0100000100011110
1100000011010010
1100000010011100
0100000010000100
0100000001110011
0100000001111011
0100000010110011
1100000100011100
0100000011001011
1011111000010010
1011111000010000
0100000010001000
1100000010011100
0100000100000011
1011111110101100
1100000011000110
1100000001110110
0100000000100011
0100000100001000
0100000011110010
1100000100001111
0100000010111010
0100000010110100
1100000000101001
0100000100010011
1100000001111011
0011111111010111
0100000010000011
1100000100000110
1100000100000101
1100000000100010
1100000011111011
0100000010010111
1100000011011101
1100000100011100
0011111011101111
1100000010100100
0100000011100010
1100000011011010
1100000011010001
1100000011001001
1100000001011010
0100000011111110
1100000001011101
1100000011100110
0100000000001010
0100000000000111
0011111101111001
1011111110100110
0100000100000101
1100000010000100
0100000011101000
1011111100100111
0100000010110101
1100000011111110
1100000011110111
0100000000111001
1100000011010010
1100000100000110
1100000010000110
1100000001000001
0100000011100001
0100000100010001
1100000100000010
0011111100000000
0100000010110101
0100000000001011
1011111101001111
1100000100000011
1100000010001100
1100000011001000
1100000001101110
1100000100010101
0100000010001000
0100000010000101
0100000010000010
0100000010001001
0100000001100101
0100000001110010
0100000100001100
1100000001111001
1100000100000110
0100000010111001
0100000001010000
0100000011111010
0100000011011101
1011111110001100
0100000011101101
0100000100011010
1011111111101010
1100000011010000
1100000011110011
0100000010010011
1100000010000101
1100000011011100
0100000011111000
0100000100010001
0100000100010011
1011111111001100
0100000100001011
0011111001111000
1100000011001101
1100000011100111
0100000011001100
1100000010001001
1100000001101111
1100000100000000
0100000001001001
1100000011100110
1011111100010110
1100000011101010
0100000100010100
1100000001011001
1011111111100111
1100000010110010
0100000100010001
1100000011001100
0100000100000110
0100000000000010
0011111111100010
1100000011111001
0100000010111100
1100000011011111
1100000000111100
1100000011100101
1100000100010100
0100000010101110
1100000100001010
0100000011101010
1100000100011000
1100000100001010
1011111100001100
0100000100001000
1100000100100000
0100000100010000
0100000000100111
1100000001111011
0011111111011010
0100000011101110
1100000100010000
1011111111011000
0100000010000111
0011111101111111
0100000100000110
1100000011000010
0100000100011100
1011111010011010
1100000100011010
1100000000001011
1100000010001110
