11000010110110110010000011100000
01000010101100011110010000011010
01000001110001010101111010011000
01000010110101100000001001010100
01000001011110010001110000111000
11000010000000100111100000111010
01000010101111110001110111101011
11000001010111110001111111100110
10111111011100110001000000000000
01000001101111100010101000101111
11000010010001000100110110100101
11000000000001011110111111000010
11000010110010001101000000011011
11000001101001010011111001111101
11000010101001011010011000010010
01000010100111101000110000111111
11000001101101000000100100011100
11000001000011100100101011001100
11000010110110010010101111111011
01000000011100011100100010000000
11000001000100010100110111111100
11000001110001111000000100010000
01000010011100001011000000001101
01000010001110111101100111010011
11000010110010011111001100000111
11000010100010000001011010001010
00111111011110100100110010001100
01000010010000000101010110011101
01000010010001011011001111010101
11000010110011000100010010010010
11000000001111100101110010100000
11000010101110000100000011000001
11000001101111100010111110111000
11000010101001110110111011010001
11000000000001101001010000110000
11000010111110110000011101001000
11000010001110111111101110001010
01000010100010100001000011111011
11000001110111010111011100100111
01000010001010101000111010110001
11000010010010101001010000001111
01000000100001110101101111010111
11000001110111101111110010111000
01000010100001010110001101110100
11000010101110111110001011001100
11000000111000110000000111011100
11000010101110011010111111000000
11000010100000011110011100000100
01000010011011011110110110111010
01000010101101100010110101001100
01000010011111100110011011101110
11000010110011011101111110101010
11000010011001100001101100100001
11000010000101111110010000101111
11000010101000111110000000011011
01000010001110011000001001110111
11000010011011100101011011000110
01000010000111100010110010101110
11000000011001100001011000101110
01000001111111000100101000111101
01000010101001110110111001111100
01000001111010001101111111000101
01000010011011010001000011001101
01000010101000000001111111001000
01000011000011111001001001110001
01000010100001110010111010011110
11000000001100100111101000000000
11000010100011101111110011001010
11000010101001001110001011011010
11000001111101010111010111010000
11000010000010100111111100111001
01000001100101110011000100101101
11000010110011111110101010101011
01000011001110011010001010100000
01000011000000011100000111010000
01000000001010010110001101011111
11000010101001110110111101110110
11000001101111001010010000110110
01000010011110011101011001000100
00111111000001100000000111100000
01000010101100000010110100101100
11000010011010000010011000100011
01000010100100011001100010101101
01000010000011110010010100110011
01000010100011100101110101011011
11000000000001011111001111111100
11000001000101010101100000011011
01000001111100111010001101110100
01000010001111111011101111011010
01000010110101100011010101000111
01000001001010101111011110100100
11000010101100100101001101011111
11000010000000101011100000000001
11000001110001101110111010101000
01000010100011010000100110111100
11000010001110100101111011101010
11000010100101110101011101111010
11000010000011011010100110100100
11000010100100101010011111110101
11000010100000100111001000111111
01000001011001000101010011000110
01000010011100111101100111011100
01000001011011001100110001001000
11000010010101100001001101010110
01000001101111010111010001010001
11000001111100001000111010000101
01000010100000100001001011001101
01000010100010000111110000000011
11000001001000100111001011000000
01000010110010101101010010110100
11000010001000101110100111011100
01000010010111001000111100001010
01000001011001001101111010100011
00111111110111011000111001110000
01000010001010010011100100110000
01000000110111000100001001100000
11000010100100111011010010111000
01000001001101110011010100100100
01000001010000101100111010111100
11000010100000100100000101001100
01000010101000100011101111001111
01000001000100110001010111101000
11000010100101100011011010101101
11000010001101111000100100100110
11000010100010110010100101111010
11000010111110111001010111010111
01000010110101011101101110111010
01000010110010011001111110100101
01000010111010101000001101110010
11000011001000010011101011001010
01000010110001000111001100110010
01000010011000011000000100000000
11000010111011100100011111100101
00111111101101000010101001000011
01000010101110011101000010001110
11000001000101011010010001010010
01000010111001110001010000000000
11000010110110010111101000010000
01000010010000010001010000000001
11000001010001011111011011000000
01000010010001001100111111011101
11000010101100001011110101111011
01000001000110010111000111010100
01000010101100101111111101001100
01000010001000011111100010111001
01000010000110101101000110011100
01000010000110101011111011110101
11000001110010001000001010000110
01000000111010001101011010000000
01000001100101101001110101101111
01000010010011000110101001101110
01000010100011001100000010111111
11000010101110011110001011010000
01000010110110010011100100001001
01000010010110000001110001101110
11000010001001010111010010101100
11000010100001000100110100110110
01000010001110100010110010011000
11000010011110110111110000010000
11000010110011001100000000000000
01000010000111110000111111001000
10111110111011111101010000100000
01000001111100001010100010000011
01000010101010000010011101010011
01000001010100110001001011101110
11000010111000110010001001000011
01000010100000101011001001111000
10111111110001100101111001010000
01000010101010011111001001000100
01000010011110001100000110010110
11000001110010111011000101000110
11000010010101100110010000110010
11000001111110101000100101110111
11000010100010011110110100010111
11000011001011110110101001110100
11000001011011011100001011001000
01000010101001001010101100011001
11000010001011000111001001001001
11000000011000110101110100001000
01000010100011110100101111111101
01000010110001111101110001111011
01000010000101111110011011010110
01000000001101010100001011111000
11000010000110011100101000111001
01000000010110100100000001100000
11000001110100101101100011101100
01000010000000110011000101010100
11000010011101010101101101100011
11000010110000011000001110111110
11000010001101010110011110110101
11000010000101001001010100101011
01000010101100111111110011100011
01000010000011101010001100011011
01000010011111001111110100010000
11000010100111111011110001111000
11000010111001001111011011000101
01000001011110010110001111000100
11000001001100110010000000100110
01000001100111111101000000010000
01000010011111001000010001111100
11000010001110001001001100100001
11000010100111001011100011001001
01000010110011000110001011000101
01000011000101001111100010011111
01000010000000100100011001100101
11000010101001010010011110100101
11000001110010101000001111001000
01000010001110011111110010100100
01000010001000001010100010101100
11000010101011001000000001011000
11000000100001101000101111001100
01000010011010111001100101111101
01000010101010101000010100001101
01000001011000111111101010011011
01000010001101011011011101111100
01000001000011001001001010000010
11000000100111010011100111011000
11000010010010100010000100010011
01000011000101110110101010101110
11000001011110000001001100000000
11000010010101100100001110101000
01000001011111010111010111010101
11000010100110101111011000011110
01000001101110100001111001110100
01000010111000111000100111101000
01000010010110001111110101101010
01000010100011100111011001111010
01000010010010011001000001100110
11000001110011001000110010011110
01000001111011101000010100010110
01000010110110111010000000101011
11000001100111101001100101110011
01000010101101110001011010111101
01000010100010101110110100101011
11000001111100010110110110011001
11000010011101111010001101000011
01000010101010111101110000001011
11000010000011111110010110010000
11000010000110111010100101100110
11000010001101011100101010100100
01000010000100110101000001011000
01000010011011101100110001100011
11000001100011110000000010110101
11000010100100001001110100100010
01000010000001001111001001111011
11000010110010010001110000100110
01000011000000011100111010011010
01000010101010101111111001011011
11000010011100100100111010100110
11000001000000011011110011010001
01000010100001010011010110000101
01000001110010000111010110101000
11000001000110000110000000010000
01000010001110011111001010100101
11000010001000100010110111001000
11000010100011000000111011101011
11000010010110101111011101111100
11000010100001110010010001111001
11000010000110101111000100010100
11000001010110001001011000000000
01000010010011100000111110110101
11000000111100100011001101101000
11000010110100111001011100111000
01000001101010110101000010000100
11000010100110011111011110011000
01000001010010100100011111101000
01000010111000010011001011100110
11000010100010001101110010100100
11000010000101111110111111100110
01000010011100100101010110001100
01000010010010111110000101100000
01000001111001110010101100001110
11000010001000101000110111010110
01000010101011001111011101000011
01000010001100110100101010110000
11000010101010000011110101100000
10111111110001111011100000100000
11000010001101111011100011110100
11000010101110111100010011110100
01000010000100010001101010101010
01000001111110001010100000000100
11000010100011111100001000000011
11000010001111010000111100001110
01000010011111100011001110100100
11000010000001111100100001000100
01000010101100001010110000011101
11000010010000100000000111101100
01000010010000111000000001110101
11000010001100110100101011000010
11000001100101010000110000111000
11000000000110011010001100100000
11000010101011001010011110101111
01000010100010001100110000111110
01000010011000001100111100010101
11000010110110010010001101001001
01000010000011011001110000000000
01000001110000000010010111000100
00111111000101000001010100001010
11000001101010111111111110101000
01000001000110110010110111001100
11000010011101100110111000001100
11000010100110100010101110101010
01000001101101101011101111101000
01000011000001101101111111101100
11000010001111101100000110111011
01000010010110011001111100000010
01000000111101100101111110101111
11000010011000110110010000001011
01000010110110011100000111000100
01000010101111001111101000010010
11000010000011111001110010111111
01000011000011010010110100100101
11000001011001001110011010001110
01000001111001111110110011101111
11000010101010110000101100010111
01000011000110001000111100010010
11000001100001011101011010000110
11000010010111100100110011011000
01000010101111110111101110110100
01000010001010101111000100011110
01000010000111110010010000000011
11000010011110000111000100110010
11000011001010111001110011111010
01000010100100100111000000011100
01000010100011110100000111010100
11000010010101101110110111001111
01000010101011001001010111000101
01000010110000111100010100110010
11000010011101111100111010010000
11000010010110011110101111110011
01000010110010111010111000001000
01000011000001000110111010100111
11000010100110011101010000001100
01000001001001011100000100011000
01000000101000010011010100010000
11000001100100101010111011101010
11000001110101111011101000000110
11000010100110111010001001101110
11000001001000001100101000101100
01000001001001111110101001110010
11000010000010011110011010110010
11000000001111111111011100000000
11000010100000110000001011000011
11000010000101001001010001000110
01000010011010011001010101000001
11000001100101110010100011001100
01000010010101110111001110001100
01000010111100010101001011101000
11000010101101101110100001101100
11000010110110101010001101100001
01000010001010001011110010001110
01000001000010000110110000111110
11000010010110101111111101011100
01000000011111100010100010010001
01000010101101101110110010111101
01000010010110111110000100110010
01000010100110011110110101010011
11000010100111000110001111100001
11000011000001101100001011110000
01000010110101011011011110110100
11000010100001100001111111111110
11000001111100111011010110011110
01000010100000000101011110110101
11000010101101101000000011101111
11000010011000001100011110110100
01000010010010000000100001001000
01000010101000101001111011101111
01000010100110010100011010111000
11000010001010000010011001010110
01000010000110001001111011100011
11000001100010001001100011001101
01000010101110011111010100011101
01000010101100011000111111111001
01000010010010101001100001110011
01000010001011010101000100110010
11000010000100011001010110101110
11000010101110011001111010001110
01000001111100010011000010001011
11000010101100000011011011001110
11000001111011010001101010010001
01000010011100110000100011010010
01000010010011110110000111100101
01000011000100111110011011101000
01000010000001000010111000101100
11000001010011001000011011110000
01000010101001101110001011001110
10111111111001011101001011100000
01000010100110001011001101010110
11000010100011101100000111010000
11000010101100100110000111011010
01000010011100001010101111001101
01000010100101101011010100011001
01000000111001110110001101111100
01000000111111010100000111100101
01000010101010101101100001100110
11000001110001111110001010110100
01000001110100000110101011011110
11000010000010010011111101011000
01000010111000101110011000010010
01000001110010011110010011001011
11000010100110111100011101001011
01000001110011110011111011010101
01000010010000000101011111101100
01000010110111111011110100110101
01000010001110110100000011010100
01000010100001101110111100101110
10111111100110111110101101010000
01000010110110110111101010111010
01000010001101101011011000110100
01000010100010001100110111000000
11000010110100111111000000110101
11000010011011100000101001111111
11000010001101001101000101111110
11000010011010101111101011001110
11000010101111011011010000011011
11000001100011100011010100001100
11000010100000011001000110000101
01000001101110011101010110011001
11000000111000100001110010101000
01000001110010000011001110101111
11000011000011110101010000011110
11000010110000001010011000100101
01000010100000101001001101110100
11000010110011110001001100010110
11000010010111110000111101111001
01000010000101011010000010110000
01000000111111111010100100111100
01000001111101111111100000110010
11000011000001011110000011011000
11000010100010100000000010100011
11000010001100111100001001111100
11000010001000101000100010010010
11000010101100110000110101111011
11000001110110101001111001010010
11000010010100001100010101001010
11000010101110100010110101110011
11000001010000111110011100000010
01000010110001011110001100110000
01000010100010111101100100110100
01000001100010000001111110100001
11000010100010001001100110101000
01000011000011111110100010101001
11000010101000101001001110110110
11000001100010010011011010010001
11000010100111111101001010111011
01000010000111101101011110100000
01000000111111011010111000000100
01000010000010110110000111010110
01000010100110100111111011001110
11000010111001000111010100101111
01000010001000100110011011101001
01000010100001101111100100001001
01000010101111111000110111100001
11000010000111011010100111000010
01000010001101011010100000100111
11000010010010100001001111101111
01000001100000100010110100100110
00111110111111011001111001111000
11000001111101101010000010100000
01000001100001000011011000000000
11000010110001111001001110011010
01000010101101100010111100111010
11000010011001010110111101011000
01000010101101000101110101010110
11000010001100010000011110001000
01000010100011111000100011001010
01000010010111100110110010100101
11000010000010000011101001001101
01000010111100100101100101011111
01000010010100011000001110010010
11000010001100101111000101000111
11000010010100001000010011101111
01000010101010111010001100110101
11000010100001011001000010111101
11000010000100000000101101100100
01000010000011100000000100001001
11000010101111000010001000111000
01000010101011010001101101001010
01000001110011010111111110001000
11000001000111000111011100010100
01000001100111110010101100101100
01000010011110000000000101000111
11000010010000001110111100111111
01000001101000110101110100111011
11000010110110101001111010010011
11000001010101100111101001010110
01000010100011010011110100011001
11000010010010110011100111111111
01000010101110001101111001001000
11000001010010100001101011110100
11000001100101001111100011001000
01000001101010101111011001100010
01000001111001011111011101110100
01000000011011100010100000001100
01000010001101101110001001010111
01000011001001100000110111101010
11000001110100010001110111001111
01000001000000010011000001001010
01000011000011001010111010001011
01000010110011011000001000101001
11000010011101110110010101110000
10111110010001001000010000000000
11000010110101101000001101000110
11000001000001101110101001011000
11000001111101101111011101011011
01000011000000111101100111000100
01000001100001010011101110000110
11000010010100011001000011001000
01000001101100101001010111100010
11000010001010001000011100111110
01000001110111110011110010000101
11000001101001111011001010011111
01000010000101111000011110000100
11000010010000001100111111110001
11000010011111111011010110011101
11000010000111101000100011100000
01000010100101000001110010011100
01000010100001010100100101110101
01000010000011001000100001010000
01000011000000110110001011001100
01000010001101011111010011001000
01000010011010101000110000000000
11000010100010111111111111010011
11000010101111000110010010100111
11000010110000000101110001101100
11000010001110001010100011001101
01000010101110100111001100100111
01000001100111111001001100011100
01000010101000100101110000101101
11000010110010100011101000110011
11000010100001101011010001110001
11000010001000111000001011010000
11000010111101100010001101011000
11000010100010001001111101001000
11000001010101101010100011011100
11000010101100111001101100111001
11000010100111110100000111100110
01000010110100011001000010111010
01000010110100100101000001101000
01000010101101111111100010011110
11000001100000111001100101000010
11000010100001010010101101101101
01000010000001010010110101111100
01000010010010011000000111111010
11000010100001011101001000010010
01000010010101011001100011001100
11000010000111010111001011011011
01000010010000100000010001111010
01000001110001110000010000001110
11000001100100100110100110010111
11000010010101001000011101111111
01000010011100110110011100011000
01000010110011111011011010011011
01000010101000101011000111001100
11000010011111110110110111001101
10111111111000111111000100000000
11000010110111011111011101011110
01000010100111011101010111111100
01000010001010101000101010001110
11000001010110100101100100111100
01000000101101110110110110101100
01000010110111011100011010101100
01000010110101101111011111100110
11000001011101110001011000000000
01000010101011000110001010100011
01000011000001011100010010000010
11000010101000001001110000000010
11000001000000111100101101111101
11000001111011010110011001110000
01000001111111001000110001111010
01000010110010101100001110000111
11000010110010101010100001000000
11000001101110001010011101011000
01000001110010110101101111011000
11000010100000101001011100011101
11000000101101111110000111101000
01000010010100110100111111010111
01000010100101100001001111010001
01000010100000000010000111011010
01000010100100000100100011000111
01000010001010111001011101001101
11000010110010110101100110010111
11000010000001101110111000001110
01000010010111100101101110111011
11000010110000111010111110001000
01000010000101010011011100011011
01000011000011010010011010101110
01000001011010111110100101001100
11000011000000111110111000110100
01000001110011111001011110000011
01000010110101110110110110000001
01000000001110100100111110000000
01000001100111000100011001101101
11000010000101100000111111111010
01000010010111101000101110000110
11000010100001011011011001110010
11000001010001010111011110010100
11000010101110000111100001101010
01000010001110001101110001111110
01000010011110110100100101001110
11000010000110101010111010111110
01000010111101100100000010110110
11000010010001111011011001001010
01000001110111111010111101101010
01000001110000110000010100010100
01000010101111101011001100101000
11000010100001001000000001110110
01000001100001010000101010101100
01000001001000001001110111000101
11000010011100001010000011001100
00111111101111101001110000100000
11000010001111110001110101001111
01000001100011101110000111011000
01000010101010100001010110000100
11000010001010111101100101011010
11000001101011011001100011001100
11000010100111100001111010101010
11000010001001100010000001111001
11000010000001110110100100101000
11000010100000010100001110011111
11000010110110010011110101011000
01000001000111001111111011110000
01000010010101010001010101100110
01000010101110110011101110111100
01000001101000011101111100011110
01000001011111011110010000110100
01000001010000110011011001000000
01000010100110111010101000011101
01000000101110001101000001010000
11000001000111000101001010011111
01000010100100010001010000001100
11000010011111001010001011000110
01000001101101001110101011010010
11000010110110111000111101011011
01000001100010000010101100001110
01000001110001010001101011000110
01000001101110100111011011011011
01000011000010110111111111100100
01000001101100101100010100001110
01000000000110100101110111000000
01000010110000000111101011100110
01000001011011101111000010010001
01000010100100001000110110010101
01000010000001110011110011010010
01000001000011101011101110010100
01000010110000101011101010100100
11000010001010011101110110001000
11000010100111000000010011100011
11000010001011100001001111011001
11000010001011100000000011000110
11000010110011011100111010111000
01000010111001011111001000000010
01000010011111111000011001010010
01000001100001100001011101100101
11000010001111000111100101010010
01000000001001011000100111101000
01000010001001101000011001001001
01000010101101100100010011100001
01000001000001000110000111010000
01000010100000100101000111100100
10111111110101101000101010101100
01000010111111111000011110001011
11000010101100111110011001001111
10111110110000001110010100000000
01000010101000010100110001101000
11000010110011101000100111000110
01000001101011100100111100010101
11000010001111001101001111110010
11000010010001001111111101011011
01000010101111101011101000000110
11000011000100111001010111101010
11000000100000000000011111110010
11000001000000111001100100100110
01000000100110100101101001000110
11000000011010111100011110000100
11000010010110101101011000010110
11000001110011110101111011101100
11000000100010001101101101101110
01000010101100011011110101101001
01000001010000110010000100110110
01000001010100101010111100111000
11000001110010111100011110100110
01000001110000101100110100001110
01000011001000010011011111101100
11000001111111001000100000001100
01000001100111100110000110110100
11000010111010110010001010111100
01000010011001000001010001111100
01000000010001011110101001100000
11000010010010001111101011010000
00111110101100101101100101100000
11000010001000011110010101100011
01000010101011001100101001011000
11000001111010110110001100010001
01000001001111011110101000111100
11000000000011101100011000001000
01000010001101001001111101010000
01000010011010010001010110010000
11000010101000001000101001000010
11000010100101000100100111111001
01000001011011101010011101110000
01000001101000000101011011110000
01000001100000000101001000100100
11000001011100111100101001001000
11000010100100101010010100101100
11000010000010001010101100111010
11000010000100111111000101101010
01000010010011111100110000111010
11000010010100101101110111110111
11000010100110010000000101001101
11000010001111110100010011000110
11000010101100010100100010001011
01000010101001001001000011100000
11000001011000101101101101111100
01000001111100101100111110111000
00111111100001011101011100011000
01000000011000101010110110000000
01000010110011110011010111011101
01000010001100100011001111010001
11000010111010011110000101110010
01000010001011100000110111100011
11000010111001111000001110000110
11000010010100011001110000111110
11000010101000000011101111010110
01000001010111100011001011001000
11000010110101010110011011100101
01000010100110010011010001101100
01000010101001111011011010011110
11000001000111111011101101110000
01000010011100111110000010100010
11000001111111110011100001100010
11000010001100101100100100010111
01000001101111010110111110101000
01000010111100001101011001100100
01000010000011111101101101010011
01000001101010100010000001010100
01000010000111010100010111010111
11000000101010110100011100011000
01000001100110101010000000100000
01000001000000111001011000100111
01000001100011111111001001111010
11000010101011111001111001011110
01000011000000110000110111100010
11000001101001101000101011000100
11000010001001001111111010000010
01000010000010101010111001100000
01000010010000101110111111000110
01000010001000010010110101111101
11000010111111001100100111101110
01000001010110001010001011100100
11000010111000110111110011100011
11000010100100100010101011100011
11000001100111010111011001011010
01000010110111000011110110000000
11000010110000000111011110101110
01000001011010100011101101110001
11000010111010011110000001000011
11000001011010111100010110001100
01000010101010010001101010100000
01000010100000110101110001001010
01000000101110001000010011101100
11000010101100000000001000110010
11000010101100011001001000110101
11000010011001100010100000101000
11000010000001111001110010011000
11000010011111011001101011110001
01000001110111010011010011001101
01000001100100000011000010110110
11000010100010000011010111010000
11000010101000100000110101100001
01000010001111110011110110110110
01000010011100100011110110000001
11000001100000111010101010100010
01000001111100110101111000000010
11000010010101101011010101100000
11000001111101001011001111000100
11000010000100010000111110010000
01000010111001001101110000010101
01000001111001100100000000010110
01000001101000011110110010010111
11000001110101001011101110011010
01000001011000100000011110111100
11000010001111111111111101010010
11000010001011100101100100011100
01000001000101111110001000110100
11000010010111011001010000000001
11000001100011000000000001011011
11000010110100001011001100101111
11000001110101010110010101100111
01000001100110111011110111000110
11000010001000011001111101111111
01000010100111000010011010100000
11000011000000011010101000010100
01000010000000110011000000001000
01000000010000100110101000010000
01000010111001110011111101110001
01000001110000101110101001101001
11000001001110001010110011001101
01000010000000100101101011111001
01000010000011111101110101100001
11000010011111011111001011100011
11000001110011100010100101100011
01000010110100000001011011001101
01000010101011000011001100100111
11000010100100001100110000010011
01000011000010110000101010100011
01000010011011101101110011101110
11000000100101101100110001011100
01000011000101011001011100010010
11000010100101101100000010011010
11000010100110011110111110100001
01000011000000010000111101111110
01000010100101110110110000101111
11000010101001110100100000001101
01000001111000111100001001110011
01000001010100000101000101111000
11000010010100001110010010000110
01000001100000110101110000010100
01000010100000101111100101011010
11000010011100100000001000000101
01000010011010101001001100110010
11000010101000110000000001001100
01000010101010100110111010100100
11000010110010011011101010001010
01000010010000001011001111001010
11000001100011110010101000100011
01000010001110101100001011100101
11000001011101111011010110010000
01000001001000110010111101101010
11000001101111101011010110000110
11000010011110101000000010111000
01000010111000110110110001000111
01000010011011111010010010110110
01000001000111101111000011010000
11000010101010001100001110111110
11000001101010100011101100100101
11000001100101110100101010000100
01000001101011010001000100011000
01000001111111000010011010111110
10111111110000010100100010001000
11000010010010011011111101111100
01000010001101000010000101011001
11000010101111111010101011100011
11000010100011101010101001010000
11000001101111110101000011011100
01000010101010001101111101100101
01000000010010110100111010100000
11000010011000011100101011000100
01000010101111001100100111010100
01000010100110000000100110111100
01000010010010100101010010110000
01000010110110000101000110010100
11000010010101111101011000100110
01000001111110110111111111110100
11000010000001110111111000100100
01000010110101010000100000010001
11000001101000001111111011000001
11000010101010100011000100010000
11000001100111100011111110000000
01000001100000110000011100101110
01000010100101011110101111000111
01000001001011101100100011111000
11000000111001010111001000010011
11000010111110100001111101011010
01000001010000111100000111100100
11000010000001010010111111001110
11000010010011101010011101111010
01000010101010001011111011100011
01000011000000001001101110011010
01000010011101101100011111100011
11000010111100010011101000000010
01000011000001110110110110001110
01000010010000000010011101011100
01000010100101000111001110100100
01000010101000111110000111011010
11000010101000101101101001000100
11000010111000011001010000100111
11000001001000011110111011000000
11000001001000100101110101010000
11000010101001100001010011001111
11000010101101010011011110001010
01000010110011010000100100010011
11000001101111001100101001101000
11000001001101000010100101100100
01000010100010010101001101101001
11000001101101000011011101110100
11000010100001001010011011110000
01000001100111001101101111011000
11000001111001111100110000011100
01000001010011111011010010000110
01000000111000110011101101001000
01000010010111110100010111110100
01000000010011001000010110010000
11000010100011000001001011001000
01000001011001001110101100100000
01000010101110101001000101101000
11000001000000110100111010111000
11000010011100011001011011000000
11000010101000110010100101110010
11000000101001001011100101001000
01000010001010001100100011001001
11000001101010001101110101000011
11000010010010110010011000010100
11000010000110000011000110110100
01000011001001001101000100010100
11000001011110011110111011001000
01000010101100111100010011110101
01000010100101111100111101010000
11000010011100110010111010110011
11000000000101111010110111010000
11000001100010011101011001111010
11000010010111110111100100010000
01000011000000111100111101000111
01000001000010011111001010011000
01000010010001010010111100100001
11000010110100000001101001000010
01000000110101110111110001011110
01000010101111000111111010010011
11000001110101011100101110001100
01000001010111110010110101001101
11000010010100101000000000011100
01000010011100100010001110101010
11000010110010101001110011110111
01000010001111100101111101101100
11000010010000101011011100000100
11000010100011011100111100101001
01000010011010111000000101100100
11000001111011001001000000010110
11000010101010001110001000001110
11000010101110101000010011101000
01000010001000110101100110010011
01000001010010011100101000110010
11000001011110001100010100000101
01000010100100001010111111010011
11000001101100011101000011010100
11000010101001110000010011001100
01000010100000010111110101010010
01000010101101100101010000110000
01000001001000111001101101101111
01000010011100110101101010001000
01000011000100100100001111110100
11000001001111110010100000111100
01000001111001110000000111110000
01000010001101010001000111010111
01000011000000010101100110001001
11000010000110110100010100100000
01000010101011011011010110010101
01000011000101010001001001100000
11000010100000110011010011010000
11000010000111101001110110111010
11000001001000011101100111111110
11000010000001000000010011010100
01000010110011000011011001011100
10111110101010100111101010000000
01000010000111110011010001100011
11000010101001001101111110000001
11000010000010101111110110001100
11000001110111100110100100100110
01000001110101011111110011010110
11000010101111110001111111000111
11000001110011010010100010000010
10111111001100101101001011010000
11000010010100101010011000011100
11000010100111000010010110111110
11000011000011001101011101001110
01000010111101110011000110011010
01000010011010011010111000100111
01000010101000010101101011110000
11000010010100010000110110101001
11000010110000111011001011111011
01000001111110001111100101011011
01000010010101100100010110111000
11000010010010111001101101000100
01000010101000101001100110101111
01000011000010000010010100111000
01000010011011000000010110100101
11000000101001110010010010110100
01000000100010110100101101010000
01000010100100101010010101011100
01000011000011100111101010000101
01000001011111001110111001101000
01000010101101111011110010100000
11000010101011000110100001011100
11000001000111010010111011000100
01000011001010111110101010011000
01000001100101111001010111111010
01000010001101000111010001001000
11000001110110001001011111111110
11000001001111110100110111110000
01000010100000010111100111010010
11000010011100100010110101111111
01000010001000011001011010010000
01000010001101111001011110001010
01000010100000110111000011011001
01000001100001010110001101011110
11000010101100010000011001000000
01000010100001110110111101011111
11000010110101001011111001011000
11000010110100110101000110011101
11000000000000100111011100110000
